$ 1 0.000005 146.80153516788286 50 5 43 5e-11
g -208 320 -208 352 0 0
r -208 208 -208 144 0 100000
r -208 144 -208 80 0 68000
R -208 48 -208 0 0 0 40 9 0 0 0.5
w -208 144 -160 144 0
w -80 128 -80 64 0
w -160 112 -160 64 0
w -160 64 -80 64 0
w -80 128 -32 128 0
O 224 128 272 112 1 0
409 -144 128 -80 128 1 0.6 -4.673664026150805 0.0231 0
w -160 112 -144 112 0
w -144 144 -160 144 0
w -208 48 -112 48 0
w -112 48 -112 96 0
w -112 160 -112 208 0
w -112 208 -208 208 0
w -32 128 -32 176 0
r -32 176 -32 272 0 1000000
r -32 272 -112 272 0 1000000
R -112 272 -160 272 0 1 88 1 0 0 0.5
409 64 256 176 256 1 0.6 -5.66356738058755 0.0231 0
w -32 272 64 272 0
w -112 48 112 48 0
w 112 48 112 224 0
w 112 288 112 320 0
w -208 320 -208 208 0
r 176 256 176 176 0 10000
w 176 176 64 176 0
w 64 176 64 240 0
w 176 256 208 256 0
w 208 256 224 256 0
w -32 128 224 128 0
r 224 256 320 256 0 22000
409 320 240 432 240 1 0.6 -6.678836837041851 0.0231 0
r 224 224 320 224 0 22000
w 112 48 368 48 0
w 368 48 368 208 0
w 112 320 368 320 0
w 368 272 368 320 0
w 224 128 224 224 0
w 224 224 224 288 0
r 224 288 320 288 0 42000.86
w 320 288 320 256 0
x 240 307 306 310 4 12 1st\spotmeter
r 384 192 448 192 0 57081
w 320 224 320 192 0
w 320 192 384 192 0
w 448 192 448 240 0
w 432 240 448 240 0
w 448 240 480 240 0
r 480 240 544 240 0 40000
r 544 240 544 320 0 100000
w 368 320 544 320 0
409 544 224 656 224 1 0.6 -4.528201136721272 0.0231 0
w 368 48 592 48 0
w 592 48 592 192 0
w 592 256 592 320 0
w 592 320 544 320 0
w 544 208 544 176 0
w 544 176 656 176 0
w 656 176 656 224 0
O 656 224 704 224 0 0
x 375 211 445 214 4 12 2nd\spotmeter
x 254 127 279 130 4 12 V\sref
w -208 80 -208 48 0
r 16 224 16 176 0 10000
w 16 176 64 176 0
w 16 224 16 320 0
w 16 320 112 320 0
w 16 320 -208 320 0
o 20 64 0 4099 1.25 0.00009765625 0 2 20 3
o 30 64 0 4099 10 0.00009765625 1 2 30 3
o 50 64 0 4099 10 0.000390625 2 2 50 3
o 62 64 0 4098 10 0.1 3 1
o 22 64 0 4099 10 0.00009765625 4 2 22 3
38 42 F1 0 1 300000 -1 1st\spotmeter
38 45 F1 0 100 300000 -1 2nd\spotmeter
